0	12	1
0	21	1
0	37	1
0	109	1
0	131	1
0	150	1
0	296	1
0	154	1
0	158	1
0	296	1
1	6	1
1	41	1
1	68	1
1	133	1
1	202	1
1	212	1
1	293	1
1	308	1
1	315	1
1	316	1
1	18	1
1	20	1
1	28	1
1	35	1
1	36	1
1	41	1
1	46	1
1	59	1
1	65	1
1	66	1
1	69	1
1	71	1
1	76	1
1	77	1
1	80	1
1	89	1
1	97	1
1	105	1
1	108	1
1	110	1
1	113	1
1	120	1
1	125	1
1	126	1
1	133	1
1	138	1
1	147	1
1	153	1
1	155	1
1	156	1
1	157	1
1	166	1
1	169	1
1	182	1
1	191	1
1	203	1
1	213	1
1	215	1
1	221	1
1	223	1
1	226	1
1	228	1
1	233	1
1	235	1
1	249	1
1	252	1
1	271	1
1	283	1
1	307	1
1	308	1
1	316	1
1	322	1
1	326	1
1	331	1
1	336	1
1	340	1
1	344	1
1	348	1
1	356	1
2	41	1
2	68	1
2	160	1
2	202	1
2	223	1
2	293	1
2	316	1
3	326	1
4	111	1
4	171	1
4	196	1
4	218	1
4	238	1
4	257	1
4	292	1
4	324	1
4	47	1
4	111	1
4	171	1
4	218	1
4	243	1
5	167	1
5	311	1
6	35	1
6	41	1
6	172	1
6	202	1
6	212	1
6	242	1
6	325	1
6	1	1
6	26	1
6	35	1
6	41	1
6	45	1
6	75	1
6	90	1
6	113	1
6	135	1
6	147	1
6	156	1
6	157	1
6	223	1
6	277	1
6	308	1
6	325	1
7	14	1
7	22	1
7	25	1
7	75	1
7	115	1
7	140	1
7	203	1
7	215	1
7	223	1
7	249	1
7	312	1
7	319	1
7	350	1
8	202	1
8	308	1
8	223	1
8	316	1
9	124	1
9	223	1
9	249	1
9	251	1
10	129	1
10	24	1
10	110	1
10	162	1
10	177	1
10	192	1
10	223	1
11	56	1
11	122	1
11	171	1
11	257	1
11	265	1
11	324	1
11	346	1
11	171	1
12	21	1
12	104	1
12	110	1
12	234	1
12	296	1
12	0	1
12	20	1
12	21	1
12	38	1
12	60	1
12	104	1
12	110	1
12	144	1
12	234	1
12	255	1
12	268	1
12	296	1
12	320	1
12	326	1
12	357	1
13	109	1
13	124	1
13	219	1
13	219	1
13	282	1
14	133	1
14	7	1
14	49	1
14	153	1
14	192	1
14	249	1
14	271	1
14	276	1
14	309	1
14	312	1
14	319	1
14	329	1
15	116	1
15	342	1
16	326	1
16	327	1
16	332	1
17	133	1
18	1	1
18	110	1
18	133	1
18	182	1
18	212	1
18	272	1
18	311	1
18	317	1
19	292	1
20	1	1
20	12	1
20	32	1
20	37	1
20	41	1
20	60	1
20	91	1
20	94	1
20	98	1
20	107	1
20	109	1
20	116	1
20	122	1
20	133	1
20	136	1
20	144	1
20	150	1
20	152	1
20	171	1
20	175	1
20	182	1
20	184	1
20	196	1
20	198	1
20	234	1
20	238	1
20	240	1
20	255	1
20	257	1
20	274	1
20	275	1
20	279	1
20	295	1
20	296	1
20	303	1
20	304	1
20	319	1
20	327	1
20	329	1
20	335	1
20	340	1
20	343	1
20	345	1
20	347	1
20	30	1
20	32	1
20	43	1
20	56	1
20	60	1
20	81	1
20	91	1
20	94	1
20	107	1
20	110	1
20	122	1
20	141	1
20	144	1
20	154	1
20	171	1
20	175	1
20	177	1
20	184	1
20	198	1
20	199	1
20	238	1
20	243	1
20	255	1
20	257	1
20	259	1
20	268	1
20	274	1
20	275	1
20	279	1
20	295	1
20	303	1
20	304	1
20	319	1
20	326	1
20	329	1
20	335	1
20	340	1
20	343	1
21	12	1
21	37	1
21	109	1
21	131	1
21	150	1
21	190	1
21	194	1
21	251	1
21	265	1
21	296	1
21	316	1
21	336	1
21	357	1
21	0	1
21	12	1
21	56	1
21	60	1
21	84	1
21	104	1
21	109	1
21	144	1
21	155	1
21	190	1
21	194	1
21	257	1
21	281	1
21	296	1
21	320	1
21	321	1
21	326	1
21	335	1
21	357	1
22	7	1
22	133	1
23	26	1
23	90	1
23	110	1
23	112	1
23	160	1
23	239	1
23	269	1
23	316	1
23	35	1
23	302	1
23	316	1
24	10	1
24	49	1
24	269	1
24	315	1
25	7	1
25	240	1
25	261	1
25	308	1
25	315	1
25	325	1
26	6	1
26	35	1
26	42	1
26	48	1
26	62	1
26	120	1
26	122	1
26	129	1
26	131	1
26	150	1
26	196	1
26	201	1
26	202	1
26	207	1
26	308	1
26	341	1
26	23	1
26	60	1
26	75	1
26	126	1
26	147	1
26	170	1
26	207	1
26	255	1
26	283	1
26	286	1
26	308	1
26	336	1
26	347	1
27	109	1
27	251	1
27	296	1
27	84	1
27	154	1
27	251	1
27	254	1
27	320	1
28	1	1
28	41	1
28	70	1
28	99	1
28	110	1
28	133	1
28	140	1
28	147	1
28	182	1
28	196	1
28	202	1
28	223	1
28	228	1
28	240	1
28	271	1
28	308	1
28	325	1
28	331	1
28	147	1
28	215	1
28	336	1
29	120	1
29	160	1
30	20	1
30	37	1
30	122	1
30	150	1
30	152	1
30	154	1
30	196	1
30	202	1
30	257	1
30	301	1
30	61	1
30	177	1
30	218	1
31	111	1
31	336	1
32	20	1
32	129	1
32	196	1
32	238	1
32	257	1
32	302	1
32	308	1
32	20	1
32	39	1
32	85	1
32	220	1
32	238	1
32	249	1
32	257	1
33	109	1
33	150	1
33	248	1
33	308	1
33	230	1
34	343	1
34	195	1
35	1	1
35	6	1
35	23	1
35	41	1
35	62	1
35	68	1
35	109	1
35	110	1
35	120	1
35	133	1
35	147	1
35	157	1
35	164	1
35	170	1
35	190	1
35	193	1
35	202	1
35	211	1
35	212	1
35	223	1
35	240	1
35	249	1
35	269	1
35	271	1
35	277	1
35	283	1
35	308	1
35	309	1
35	316	1
35	317	1
35	325	1
35	6	1
35	26	1
35	54	1
35	68	1
35	75	1
35	110	1
35	125	1
35	135	1
35	143	1
35	147	1
35	151	1
35	157	1
35	160	1
35	164	1
35	192	1
35	193	1
35	211	1
35	214	1
35	269	1
35	271	1
35	277	1
35	283	1
35	286	1
35	308	1
35	309	1
35	348	1
35	356	1
36	1	1
36	308	1
37	104	1
37	122	1
37	124	1
37	163	1
37	240	1
37	302	1
37	357	1
37	0	1
37	20	1
37	21	1
37	30	1
37	38	1
37	85	1
37	96	1
37	103	1
37	104	1
37	109	1
37	122	1
37	123	1
37	124	1
37	136	1
37	148	1
37	152	1
37	182	1
37	195	1
37	196	1
37	218	1
37	224	1
37	251	1
37	258	1
37	268	1
37	301	1
37	302	1
37	308	1
37	320	1
37	321	1
37	326	1
37	335	1
37	349	1
37	357	1
38	12	1
38	37	1
38	84	1
38	107	1
38	122	1
38	124	1
38	150	1
38	158	1
38	163	1
38	171	1
38	296	1
38	301	1
38	326	1
39	32	1
39	131	1
39	150	1
39	196	1
39	302	1
40	321	1
40	340	1
41	1	1
41	6	1
41	70	1
41	90	1
41	110	1
41	120	1
41	122	1
41	133	1
41	143	1
41	172	1
41	202	1
41	212	1
41	223	1
41	226	1
41	236	1
41	240	1
41	261	1
41	269	1
41	286	1
41	293	1
41	308	1
41	311	1
41	315	1
41	316	1
41	325	1
41	344	1
41	1	1
41	2	1
41	6	1
41	20	1
41	28	1
41	35	1
41	42	1
41	54	1
41	69	1
41	72	1
41	74	1
41	75	1
41	76	1
41	78	1
41	79	1
41	90	1
41	97	1
41	104	1
41	105	1
41	107	1
41	110	1
41	120	1
41	124	1
41	125	1
41	126	1
41	129	1
41	138	1
41	147	1
41	155	1
41	161	1
41	164	1
41	170	1
41	173	1
41	182	1
41	191	1
41	192	1
41	202	1
41	207	1
41	212	1
41	215	1
41	223	1
41	228	1
41	235	1
41	240	1
41	242	1
41	247	1
41	249	1
41	251	1
41	255	1
41	262	1
41	269	1
41	271	1
41	276	1
41	277	1
41	286	1
41	293	1
41	307	1
41	308	1
41	309	1
41	311	1
41	315	1
41	316	1
41	320	1
41	323	1
41	329	1
41	331	1
41	334	1
41	335	1
41	336	1
41	341	1
41	344	1
41	356	1
42	41	1
42	62	1
42	109	1
42	129	1
42	131	1
42	144	1
42	196	1
42	240	1
42	286	1
42	310	1
42	26	1
42	72	1
42	110	1
42	120	1
42	126	1
42	129	1
42	144	1
42	170	1
42	194	1
42	286	1
42	308	1
42	313	1
42	328	1
42	336	1
43	20	1
43	122	1
43	196	1
43	257	1
43	326	1
43	175	1
44	109	1
44	124	1
44	129	1
44	150	1
44	255	1
44	124	1
44	206	1
44	306	1
45	6	1
45	225	1
45	325	1
45	336	1
46	1	1
46	160	1
46	239	1
46	249	1
46	308	1
47	4	1
47	144	1
47	257	1
47	294	1
47	354	1
47	64	1
47	109	1
47	120	1
47	144	1
47	243	1
47	277	1
47	319	1
47	354	1
48	120	1
48	129	1
48	143	1
48	147	1
48	170	1
48	190	1
48	202	1
48	308	1
48	325	1
48	26	1
48	120	1
48	143	1
48	207	1
48	249	1
48	308	1
48	335	1
48	344	1
49	14	1
49	325	1
49	24	1
49	167	1
49	215	1
50	73	1
50	107	1
50	109	1
50	157	1
50	230	1
50	292	1
50	319	1
50	332	1
50	73	1
50	157	1
50	243	1
51	184	1
51	184	1
52	160	1
52	194	1
52	269	1
52	308	1
52	316	1
53	55	1
53	56	1
53	257	1
53	266	1
53	292	1
53	343	1
53	343	1
54	35	1
54	41	1
54	62	1
54	120	1
54	240	1
54	283	1
54	308	1
54	344	1
54	223	1
55	327	1
55	53	1
56	20	1
56	21	1
56	91	1
56	100	1
56	109	1
56	122	1
56	124	1
56	129	1
56	131	1
56	144	1
56	158	1
56	182	1
56	194	1
56	196	1
56	224	1
56	230	1
56	274	1
56	302	1
56	308	1
56	319	1
56	324	1
56	327	1
56	335	1
56	336	1
56	342	1
56	346	1
56	357	1
56	11	1
56	53	1
56	78	1
56	85	1
56	100	1
56	109	1
56	124	1
56	144	1
56	278	1
56	306	1
56	319	1
56	324	1
56	329	1
56	335	1
56	340	1
56	342	1
56	357	1
57	88	1
57	124	1
57	88	1
57	356	1
58	122	1
58	109	1
58	196	1
59	1	1
59	79	1
59	110	1
59	129	1
59	173	1
59	202	1
59	236	1
59	240	1
59	344	1
60	12	1
60	20	1
60	21	1
60	26	1
60	109	1
60	171	1
60	194	1
60	209	1
60	240	1
60	257	1
60	280	1
60	296	1
60	336	1
60	357	1
60	20	1
60	116	1
60	209	1
61	30	1
61	238	1
61	257	1
61	301	1
62	70	1
62	167	1
62	249	1
62	269	1
62	308	1
62	331	1
62	26	1
62	35	1
62	42	1
62	54	1
62	110	1
62	113	1
62	138	1
62	173	1
62	192	1
62	240	1
62	308	1
62	316	1
62	336	1
63	196	1
64	47	1
64	138	1
64	176	1
64	202	1
64	272	1
65	1	1
66	1	1
66	150	1
66	228	1
67	336	1
68	35	1
68	110	1
68	313	1
68	316	1
68	1	1
68	2	1
68	35	1
68	75	1
68	120	1
68	143	1
68	223	1
68	293	1
68	302	1
68	308	1
68	316	1
68	326	1
68	336	1
69	1	1
69	41	1
69	112	1
69	240	1
69	250	1
69	308	1
70	308	1
70	28	1
70	41	1
70	62	1
70	147	1
70	166	1
70	228	1
70	308	1
71	1	1
71	110	1
71	120	1
71	150	1
71	225	1
71	308	1
72	41	1
72	42	1
72	110	1
72	202	1
72	223	1
72	308	1
72	313	1
72	110	1
72	271	1
73	50	1
73	88	1
73	171	1
73	204	1
73	220	1
73	230	1
73	282	1
73	342	1
73	50	1
73	88	1
74	41	1
74	172	1
74	240	1
74	286	1
74	317	1
74	323	1
74	247	1
75	6	1
75	7	1
75	26	1
75	35	1
75	41	1
75	68	1
75	79	1
75	110	1
75	120	1
75	133	1
75	190	1
75	202	1
75	212	1
75	240	1
75	247	1
75	325	1
75	336	1
75	356	1
75	125	1
75	192	1
75	313	1
76	1	1
76	41	1
76	120	1
76	122	1
76	125	1
76	147	1
76	182	1
76	202	1
76	223	1
76	237	1
76	240	1
76	276	1
76	336	1
76	341	1
76	120	1
76	147	1
76	160	1
76	182	1
76	223	1
77	1	1
77	133	1
77	212	1
77	308	1
77	325	1
78	41	1
78	56	1
78	109	1
78	120	1
78	122	1
78	150	1
78	194	1
78	317	1
78	152	1
79	41	1
79	90	1
79	109	1
79	182	1
79	196	1
79	240	1
79	251	1
79	255	1
79	296	1
79	325	1
79	59	1
79	75	1
79	90	1
79	172	1
79	182	1
79	191	1
79	223	1
79	240	1
79	249	1
79	293	1
79	300	1
79	308	1
79	323	1
79	325	1
79	336	1
79	344	1
79	356	1
80	1	1
80	133	1
81	20	1
81	196	1
81	257	1
81	343	1
82	171	1
82	155	1
82	171	1
82	195	1
82	314	1
82	320	1
83	107	1
83	122	1
83	265	1
83	301	1
84	21	1
84	27	1
84	109	1
84	124	1
84	131	1
84	155	1
84	202	1
84	240	1
84	251	1
84	301	1
84	302	1
84	347	1
84	38	1
84	104	1
84	118	1
84	124	1
84	144	1
84	158	1
84	239	1
84	257	1
84	278	1
84	295	1
84	301	1
84	320	1
84	326	1
84	357	1
85	32	1
85	37	1
85	56	1
85	122	1
85	129	1
85	150	1
85	196	1
85	234	1
85	240	1
85	257	1
85	122	1
85	159	1
86	100	1
86	100	1
87	110	1
87	212	1
87	356	1
87	164	1
87	223	1
87	356	1
88	57	1
88	73	1
88	103	1
88	109	1
88	122	1
88	171	1
88	196	1
88	220	1
88	230	1
88	266	1
88	301	1
88	342	1
88	57	1
88	73	1
88	103	1
88	220	1
88	301	1
89	1	1
89	120	1
89	129	1
89	190	1
90	6	1
90	41	1
90	79	1
90	202	1
90	317	1
90	23	1
90	41	1
90	79	1
90	104	1
90	110	1
90	141	1
90	154	1
90	194	1
90	223	1
90	240	1
90	255	1
90	270	1
90	271	1
90	276	1
90	308	1
90	334	1
90	336	1
91	20	1
91	109	1
91	122	1
91	150	1
91	152	1
91	196	1
91	234	1
91	257	1
91	274	1
91	296	1
91	314	1
91	326	1
91	20	1
91	56	1
91	184	1
91	257	1
91	274	1
92	326	1
93	122	1
93	150	1
93	257	1
93	296	1
93	332	1
93	257	1
93	332	1
94	20	1
94	122	1
94	220	1
94	257	1
94	274	1
94	20	1
94	220	1
94	335	1
95	129	1
95	130	1
95	292	1
95	326	1
95	292	1
95	326	1
96	37	1
96	122	1
96	124	1
96	150	1
96	196	1
96	302	1
97	1	1
97	41	1
97	160	1
97	202	1
97	214	1
97	325	1
97	331	1
98	196	1
98	20	1
99	133	1
99	28	1
100	56	1
100	86	1
100	122	1
100	124	1
100	150	1
100	56	1
100	86	1
101	109	1
101	109	1
101	131	1
101	142	1
101	187	1
101	208	1
101	253	1
101	319	1
101	329	1
102	308	1
103	37	1
103	88	1
103	104	1
103	122	1
103	150	1
103	152	1
103	171	1
103	196	1
103	198	1
103	222	1
103	257	1
103	274	1
103	302	1
103	327	1
103	342	1
103	343	1
103	88	1
103	104	1
103	121	1
103	142	1
103	171	1
103	314	1
104	12	1
104	21	1
104	37	1
104	41	1
104	84	1
104	90	1
104	103	1
104	109	1
104	118	1
104	122	1
104	129	1
104	133	1
104	150	1
104	155	1
104	171	1
104	182	1
104	196	1
104	202	1
104	234	1
104	240	1
104	255	1
104	257	1
104	265	1
104	268	1
104	296	1
104	302	1
104	304	1
104	319	1
104	324	1
104	326	1
104	327	1
104	342	1
104	343	1
104	357	1
104	12	1
104	37	1
104	103	1
104	122	1
104	134	1
104	171	1
104	182	1
104	268	1
104	295	1
104	296	1
104	304	1
104	319	1
104	335	1
104	340	1
104	342	1
104	343	1
105	1	1
105	41	1
105	109	1
105	133	1
105	240	1
105	325	1
106	122	1
106	327	1
106	357	1
107	20	1
107	41	1
107	109	1
107	122	1
107	124	1
107	129	1
107	292	1
107	310	1
107	314	1
107	319	1
107	326	1
107	327	1
107	20	1
107	38	1
107	50	1
107	83	1
107	124	1
107	187	1
107	274	1
107	306	1
107	310	1
107	313	1
107	329	1
107	335	1
108	1	1
108	212	1
108	308	1
108	223	1
109	21	1
109	37	1
109	47	1
109	56	1
109	58	1
109	101	1
109	124	1
109	129	1
109	131	1
109	144	1
109	150	1
109	194	1
109	196	1
109	251	1
109	275	1
109	296	1
109	301	1
109	302	1
109	308	1
109	314	1
109	319	1
109	327	1
109	329	1
109	0	1
109	13	1
109	20	1
109	21	1
109	27	1
109	33	1
109	35	1
109	42	1
109	44	1
109	50	1
109	56	1
109	60	1
109	78	1
109	79	1
109	84	1
109	88	1
109	91	1
109	101	1
109	104	1
109	105	1
109	107	1
109	122	1
109	124	1
109	129	1
109	130	1
109	131	1
109	134	1
109	144	1
109	148	1
109	150	1
109	154	1
109	158	1
109	159	1
109	160	1
109	163	1
109	165	1
109	177	1
109	182	1
109	183	1
109	188	1
109	195	1
109	196	1
109	201	1
109	207	1
109	218	1
109	222	1
109	224	1
109	228	1
109	238	1
109	240	1
109	243	1
109	247	1
109	251	1
109	253	1
109	255	1
109	273	1
109	275	1
109	292	1
109	294	1
109	295	1
109	296	1
109	301	1
109	302	1
109	303	1
109	306	1
109	314	1
109	319	1
109	321	1
109	324	1
109	326	1
109	327	1
109	329	1
109	335	1
109	336	1
109	338	1
109	340	1
109	343	1
109	344	1
109	347	1
109	348	1
109	349	1
109	357	1
110	1	1
110	10	1
110	12	1
110	20	1
110	35	1
110	41	1
110	42	1
110	62	1
110	72	1
110	90	1
110	112	1
110	120	1
110	170	1
110	202	1
110	212	1
110	234	1
110	240	1
110	251	1
110	272	1
110	308	1
110	311	1
110	325	1
110	331	1
110	12	1
110	18	1
110	23	1
110	28	1
110	35	1
110	41	1
110	59	1
110	68	1
110	71	1
110	72	1
110	75	1
110	87	1
110	120	1
110	125	1
110	126	1
110	138	1
110	164	1
110	165	1
110	170	1
110	182	1
110	192	1
110	193	1
110	215	1
110	223	1
110	227	1
110	234	1
110	236	1
110	240	1
110	242	1
110	249	1
110	269	1
110	285	1
110	308	1
110	311	1
110	316	1
110	323	1
110	326	1
110	329	1
110	331	1
110	336	1
110	341	1
110	344	1
111	4	1
111	171	1
111	220	1
111	222	1
111	274	1
111	342	1
111	4	1
111	31	1
111	178	1
112	317	1
112	23	1
112	69	1
112	110	1
112	255	1
113	1	1
113	6	1
113	62	1
113	202	1
113	308	1
114	131	1
114	150	1
114	265	1
115	7	1
115	272	1
115	346	1
115	219	1
115	314	1
115	342	1
115	346	1
116	60	1
116	15	1
116	20	1
117	301	1
117	302	1
117	163	1
117	218	1
117	301	1
118	84	1
118	239	1
118	104	1
119	171	1
119	187	1
120	1	1
120	41	1
120	42	1
120	47	1
120	48	1
120	68	1
120	76	1
120	110	1
120	122	1
120	133	1
120	147	1
120	150	1
120	164	1
120	172	1
120	190	1
120	212	1
120	250	1
120	255	1
120	269	1
120	283	1
120	286	1
120	308	1
120	334	1
120	26	1
120	29	1
120	35	1
120	41	1
120	48	1
120	54	1
120	71	1
120	75	1
120	76	1
120	78	1
120	89	1
120	110	1
120	125	1
120	138	1
120	147	1
120	173	1
120	190	1
120	192	1
120	203	1
120	207	1
120	211	1
120	240	1
120	242	1
120	249	1
120	250	1
120	262	1
120	269	1
120	271	1
120	277	1
120	283	1
120	293	1
120	308	1
120	311	1
120	318	1
120	326	1
120	335	1
120	336	1
120	338	1
120	341	1
120	356	1
121	103	1
121	130	1
121	150	1
121	292	1
122	20	1
122	37	1
122	85	1
122	104	1
122	109	1
122	124	1
122	129	1
122	131	1
122	144	1
122	150	1
122	152	1
122	155	1
122	158	1
122	163	1
122	171	1
122	177	1
122	196	1
122	234	1
122	240	1
122	255	1
122	257	1
122	274	1
122	292	1
122	296	1
122	301	1
122	302	1
122	308	1
122	324	1
122	326	1
122	327	1
122	333	1
122	335	1
122	340	1
122	357	1
122	11	1
122	20	1
122	26	1
122	30	1
122	37	1
122	38	1
122	41	1
122	43	1
122	56	1
122	58	1
122	76	1
122	78	1
122	83	1
122	85	1
122	88	1
122	91	1
122	93	1
122	94	1
122	96	1
122	100	1
122	103	1
122	104	1
122	106	1
122	107	1
122	120	1
122	123	1
122	124	1
122	132	1
122	134	1
122	136	1
122	141	1
122	142	1
122	144	1
122	146	1
122	148	1
122	150	1
122	152	1
122	155	1
122	163	1
122	165	1
122	171	1
122	174	1
122	177	1
122	178	1
122	184	1
122	189	1
122	194	1
122	195	1
122	196	1
122	198	1
122	199	1
122	201	1
122	207	1
122	217	1
122	218	1
122	220	1
122	224	1
122	234	1
122	238	1
122	241	1
122	248	1
122	249	1
122	253	1
122	255	1
122	257	1
122	263	1
122	268	1
122	271	1
122	273	1
122	274	1
122	275	1
122	282	1
122	283	1
122	289	1
122	294	1
122	295	1
122	299	1
122	301	1
122	302	1
122	306	1
122	308	1
122	320	1
122	324	1
122	326	1
122	327	1
122	330	1
122	333	1
122	334	1
122	335	1
122	336	1
122	339	1
122	340	1
122	342	1
122	357	1
123	37	1
123	122	1
124	37	1
124	41	1
124	44	1
124	56	1
124	84	1
124	107	1
124	109	1
124	122	1
124	131	1
124	150	1
124	155	1
124	163	1
124	171	1
124	196	1
124	202	1
124	240	1
124	251	1
124	273	1
124	314	1
124	326	1
124	335	1
124	357	1
124	9	1
124	13	1
124	37	1
124	38	1
124	44	1
124	56	1
124	57	1
124	84	1
124	96	1
124	100	1
124	107	1
124	109	1
124	122	1
124	136	1
124	148	1
124	150	1
124	162	1
124	171	1
124	196	1
124	201	1
124	234	1
124	240	1
124	257	1
124	268	1
124	273	1
124	275	1
124	279	1
124	290	1
124	301	1
124	306	1
124	308	1
124	326	1
124	335	1
124	352	1
124	357	1
125	1	1
125	35	1
125	41	1
125	75	1
125	110	1
125	120	1
125	147	1
125	160	1
125	182	1
125	212	1
125	308	1
125	325	1
125	76	1
125	223	1
126	1	1
126	26	1
126	41	1
126	42	1
126	110	1
126	194	1
126	202	1
126	226	1
126	240	1
126	257	1
126	325	1
127	150	1
127	202	1
127	348	1
127	135	1
127	348	1
128	202	1
129	41	1
129	42	1
129	109	1
129	150	1
129	196	1
129	302	1
129	308	1
129	10	1
129	26	1
129	32	1
129	42	1
129	44	1
129	48	1
129	56	1
129	59	1
129	85	1
129	89	1
129	95	1
129	104	1
129	107	1
129	109	1
129	122	1
129	152	1
129	160	1
129	182	1
129	196	1
129	215	1
129	251	1
129	273	1
129	274	1
129	285	1
129	286	1
129	302	1
129	308	1
129	314	1
129	318	1
129	329	1
129	335	1
129	348	1
129	355	1
130	109	1
130	171	1
130	187	1
130	242	1
130	248	1
130	251	1
130	302	1
130	308	1
130	319	1
130	335	1
130	343	1
130	95	1
130	121	1
130	171	1
130	335	1
130	343	1
131	101	1
131	109	1
131	150	1
131	302	1
131	346	1
131	0	1
131	21	1
131	26	1
131	39	1
131	42	1
131	56	1
131	84	1
131	109	1
131	114	1
131	122	1
131	124	1
131	136	1
131	150	1
131	218	1
131	273	1
131	314	1
131	320	1
131	326	1
131	327	1
131	329	1
132	122	1
132	171	1
132	327	1
132	171	1
132	268	1
133	1	1
133	1	1
133	14	1
133	17	1
133	18	1
133	20	1
133	22	1
133	28	1
133	35	1
133	41	1
133	75	1
133	77	1
133	80	1
133	99	1
133	104	1
133	105	1
133	120	1
133	138	1
133	148	1
133	153	1
133	167	1
133	182	1
133	192	1
133	213	1
133	215	1
133	223	1
133	249	1
133	251	1
133	271	1
133	301	1
133	325	1
133	326	1
133	329	1
133	331	1
133	336	1
133	341	1
133	347	1
133	356	1
134	104	1
134	109	1
134	122	1
134	150	1
134	171	1
134	196	1
134	302	1
134	222	1
134	249	1
135	6	1
135	35	1
135	127	1
135	147	1
135	240	1
135	296	1
135	313	1
136	37	1
136	122	1
136	124	1
136	131	1
136	150	1
136	182	1
136	196	1
136	20	1
137	257	1
138	1	1
138	41	1
138	62	1
138	110	1
138	120	1
138	133	1
138	240	1
138	249	1
138	293	1
138	64	1
138	164	1
138	225	1
138	257	1
138	336	1
138	356	1
139	341	1
140	7	1
140	28	1
140	223	1
140	240	1
141	20	1
141	90	1
141	122	1
141	196	1
141	319	1
141	165	1
141	319	1
142	101	1
142	103	1
142	122	1
142	152	1
142	220	1
142	241	1
142	257	1
142	326	1
142	221	1
142	333	1
143	35	1
143	48	1
143	68	1
143	223	1
143	41	1
143	48	1
143	223	1
143	276	1
144	12	1
144	20	1
144	21	1
144	42	1
144	47	1
144	56	1
144	84	1
144	109	1
144	122	1
144	150	1
144	196	1
144	218	1
144	266	1
144	326	1
144	357	1
144	20	1
144	42	1
144	47	1
144	56	1
144	109	1
144	122	1
144	218	1
144	319	1
145	196	1
145	314	1
145	326	1
145	171	1
146	122	1
146	251	1
146	342	1
146	346	1
146	347	1
146	347	1
147	1	1
147	6	1
147	26	1
147	28	1
147	35	1
147	41	1
147	70	1
147	76	1
147	120	1
147	156	1
147	160	1
147	202	1
147	223	1
147	239	1
147	242	1
147	251	1
147	272	1
147	276	1
147	308	1
147	316	1
147	325	1
147	331	1
147	336	1
147	28	1
147	35	1
147	48	1
147	76	1
147	120	1
147	125	1
147	135	1
147	168	1
147	214	1
147	215	1
147	223	1
147	240	1
147	249	1
147	250	1
147	277	1
147	336	1
147	348	1
147	356	1
148	37	1
148	109	1
148	122	1
148	124	1
148	133	1
148	150	1
148	196	1
148	357	1
148	301	1
149	163	1
149	248	1
150	109	1
150	122	1
150	124	1
150	131	1
150	196	1
150	296	1
150	326	1
150	327	1
150	357	1
150	0	1
150	20	1
150	21	1
150	26	1
150	30	1
150	33	1
150	38	1
150	39	1
150	44	1
150	66	1
150	71	1
150	78	1
150	85	1
150	91	1
150	93	1
150	96	1
150	100	1
150	103	1
150	104	1
150	109	1
150	114	1
150	120	1
150	121	1
150	122	1
150	124	1
150	127	1
150	129	1
150	131	1
150	134	1
150	136	1
150	144	1
150	148	1
150	158	1
150	163	1
150	165	1
150	175	1
150	177	1
150	178	1
150	190	1
150	196	1
150	198	1
150	207	1
150	217	1
150	218	1
150	221	1
150	228	1
150	234	1
150	235	1
150	238	1
150	257	1
150	260	1
150	265	1
150	268	1
150	273	1
150	275	1
150	283	1
150	285	1
150	289	1
150	290	1
150	291	1
150	293	1
150	295	1
150	296	1
150	301	1
150	304	1
150	306	1
150	308	1
150	320	1
150	326	1
150	327	1
150	334	1
150	335	1
150	336	1
150	338	1
150	340	1
150	344	1
150	348	1
150	351	1
150	352	1
150	357	1
151	35	1
152	37	1
152	78	1
152	122	1
152	129	1
152	179	1
152	196	1
152	198	1
152	257	1
152	274	1
152	275	1
152	292	1
152	302	1
152	327	1
152	340	1
152	20	1
152	30	1
152	91	1
152	103	1
152	122	1
152	142	1
152	195	1
152	198	1
152	272	1
152	274	1
152	275	1
152	302	1
152	306	1
152	326	1
152	335	1
153	1	1
153	14	1
153	133	1
153	212	1
153	308	1
153	325	1
154	0	1
154	20	1
154	27	1
154	90	1
154	109	1
154	196	1
154	234	1
154	240	1
154	251	1
154	255	1
154	265	1
154	296	1
154	327	1
154	347	1
154	30	1
154	171	1
154	255	1
154	306	1
154	326	1
155	1	1
155	21	1
155	41	1
155	82	1
155	122	1
155	242	1
155	265	1
155	349	1
155	357	1
155	84	1
155	104	1
155	122	1
155	124	1
155	255	1
155	357	1
156	1	1
156	6	1
156	202	1
156	212	1
156	229	1
156	269	1
156	336	1
156	147	1
157	1	1
157	6	1
157	35	1
157	50	1
157	202	1
157	269	1
157	277	1
157	325	1
157	35	1
157	50	1
157	223	1
157	277	1
158	0	1
158	84	1
158	109	1
158	150	1
158	196	1
158	251	1
158	296	1
158	319	1
158	38	1
158	56	1
158	122	1
158	181	1
158	234	1
158	255	1
158	296	1
158	301	1
158	306	1
158	335	1
158	340	1
159	85	1
159	109	1
160	35	1
160	76	1
160	109	1
160	129	1
160	182	1
160	194	1
160	196	1
160	212	1
160	239	1
160	308	1
160	2	1
160	23	1
160	29	1
160	46	1
160	52	1
160	97	1
160	125	1
160	147	1
160	170	1
160	176	1
160	178	1
160	187	1
160	242	1
160	271	1
160	308	1
160	318	1
160	329	1
160	344	1
161	41	1
161	202	1
161	242	1
161	286	1
162	10	1
162	124	1
162	202	1
162	331	1
162	223	1
163	109	1
163	117	1
163	122	1
163	150	1
163	240	1
163	251	1
163	255	1
163	279	1
163	301	1
163	319	1
163	327	1
163	357	1
163	37	1
163	38	1
163	122	1
163	124	1
163	149	1
163	249	1
163	251	1
163	301	1
163	302	1
163	326	1
164	35	1
164	41	1
164	87	1
164	110	1
164	138	1
164	173	1
164	202	1
164	223	1
164	225	1
164	247	1
164	271	1
164	293	1
164	341	1
164	35	1
164	120	1
164	193	1
164	215	1
164	223	1
164	286	1
164	356	1
165	109	1
165	110	1
165	122	1
165	141	1
165	150	1
165	202	1
165	240	1
165	257	1
165	293	1
165	301	1
165	313	1
165	325	1
165	344	1
166	1	1
166	70	1
166	202	1
166	212	1
166	223	1
166	316	1
166	223	1
167	49	1
167	133	1
167	172	1
167	5	1
167	62	1
167	215	1
167	240	1
167	313	1
168	147	1
169	1	1
169	308	1
169	325	1
169	192	1
169	223	1
170	26	1
170	41	1
170	42	1
170	110	1
170	160	1
170	308	1
170	325	1
170	331	1
170	35	1
170	48	1
170	110	1
170	223	1
170	336	1
171	4	1
171	11	1
171	20	1
171	82	1
171	103	1
171	104	1
171	122	1
171	124	1
171	130	1
171	132	1
171	145	1
171	154	1
171	182	1
171	196	1
171	198	1
171	204	1
171	218	1
171	220	1
171	222	1
171	238	1
171	255	1
171	257	1
171	258	1
171	274	1
171	275	1
171	278	1
171	282	1
171	292	1
171	296	1
171	304	1
171	319	1
171	324	1
171	326	1
171	327	1
171	335	1
171	342	1
171	4	1
171	11	1
171	20	1
171	38	1
171	60	1
171	73	1
171	82	1
171	88	1
171	103	1
171	104	1
171	111	1
171	119	1
171	122	1
171	124	1
171	130	1
171	132	1
171	134	1
171	198	1
171	204	1
171	218	1
171	220	1
171	222	1
171	238	1
171	257	1
171	268	1
171	274	1
171	275	1
171	282	1
171	296	1
171	298	1
171	304	1
171	314	1
171	319	1
171	326	1
171	335	1
171	342	1
171	348	1
172	79	1
172	247	1
172	6	1
172	41	1
172	74	1
172	120	1
172	167	1
172	247	1
172	277	1
172	329	1
172	336	1
172	344	1
173	41	1
173	62	1
173	120	1
173	59	1
173	164	1
173	213	1
173	223	1
173	297	1
173	323	1
174	122	1
174	329	1
175	20	1
175	43	1
175	150	1
175	255	1
175	20	1
176	160	1
176	239	1
176	315	1
176	64	1
177	10	1
177	20	1
177	30	1
177	109	1
177	122	1
177	150	1
177	196	1
177	301	1
177	122	1
177	268	1
178	111	1
178	122	1
178	150	1
178	160	1
178	194	1
179	251	1
179	152	1
180	216	1
180	342	1
180	342	1
181	158	1
182	1	1
182	37	1
182	41	1
182	76	1
182	79	1
182	104	1
182	109	1
182	110	1
182	129	1
182	133	1
182	194	1
182	196	1
182	202	1
182	240	1
182	251	1
182	255	1
182	296	1
182	308	1
182	325	1
182	326	1
182	336	1
182	347	1
182	18	1
182	20	1
182	28	1
182	56	1
182	76	1
182	79	1
182	104	1
182	125	1
182	136	1
182	160	1
182	171	1
182	190	1
182	196	1
182	220	1
182	224	1
182	238	1
182	251	1
182	255	1
182	257	1
182	268	1
182	272	1
182	274	1
182	304	1
182	308	1
182	309	1
182	314	1
182	319	1
182	329	1
182	335	1
182	336	1
182	343	1
182	347	1
183	109	1
184	20	1
184	51	1
184	91	1
184	122	1
184	196	1
184	257	1
184	279	1
184	301	1
184	20	1
184	51	1
184	243	1
184	279	1
185	202	1
186	326	1
187	101	1
187	107	1
187	119	1
187	160	1
187	266	1
187	308	1
187	319	1
187	324	1
187	326	1
187	335	1
187	130	1
187	274	1
187	294	1
187	319	1
187	335	1
188	109	1
188	327	1
189	122	1
190	21	1
190	120	1
190	150	1
190	182	1
190	194	1
190	203	1
190	296	1
190	325	1
190	21	1
190	35	1
190	48	1
190	75	1
190	89	1
190	120	1
190	203	1
190	308	1
191	1	1
191	41	1
191	79	1
191	202	1
191	223	1
191	251	1
191	325	1
192	10	1
192	14	1
192	35	1
192	41	1
192	62	1
192	75	1
192	110	1
192	120	1
192	133	1
192	169	1
192	308	1
192	325	1
192	350	1
193	35	1
193	110	1
193	164	1
193	35	1
194	21	1
194	42	1
194	90	1
194	122	1
194	212	1
194	308	1
194	21	1
194	52	1
194	56	1
194	60	1
194	78	1
194	109	1
194	126	1
194	160	1
194	178	1
194	182	1
194	190	1
194	195	1
194	219	1
194	224	1
194	239	1
194	245	1
194	251	1
194	286	1
194	288	1
194	293	1
194	301	1
194	308	1
194	321	1
194	323	1
194	357	1
195	34	1
195	37	1
195	82	1
195	109	1
195	122	1
195	152	1
195	194	1
195	268	1
195	302	1
196	37	1
196	58	1
196	109	1
196	122	1
196	124	1
196	129	1
196	150	1
196	182	1
196	234	1
196	240	1
196	255	1
196	292	1
196	296	1
196	302	1
196	4	1
196	20	1
196	26	1
196	28	1
196	30	1
196	32	1
196	39	1
196	42	1
196	43	1
196	56	1
196	63	1
196	79	1
196	81	1
196	85	1
196	88	1
196	91	1
196	96	1
196	98	1
196	103	1
196	104	1
196	109	1
196	122	1
196	124	1
196	129	1
196	134	1
196	136	1
196	141	1
196	144	1
196	145	1
196	148	1
196	150	1
196	152	1
196	154	1
196	158	1
196	160	1
196	171	1
196	177	1
196	182	1
196	184	1
196	198	1
196	199	1
196	201	1
196	208	1
196	210	1
196	217	1
196	218	1
196	221	1
196	234	1
196	238	1
196	249	1
196	251	1
196	255	1
196	268	1
196	269	1
196	275	1
196	278	1
196	286	1
196	290	1
196	295	1
196	301	1
196	302	1
196	304	1
196	306	1
196	308	1
196	319	1
196	326	1
196	327	1
196	335	1
196	336	1
196	339	1
196	340	1
196	343	1
196	344	1
196	348	1
196	357	1
197	292	1
197	346	1
198	20	1
198	122	1
198	150	1
198	152	1
198	171	1
198	196	1
198	255	1
198	257	1
198	274	1
198	275	1
198	296	1
198	301	1
198	304	1
198	20	1
198	103	1
198	152	1
198	171	1
198	274	1
199	20	1
199	122	1
199	196	1
200	310	1
200	318	1
200	319	1
201	109	1
201	122	1
201	124	1
201	196	1
201	347	1
201	26	1
201	223	1
201	347	1
202	41	1
202	240	1
202	251	1
202	316	1
202	1	1
202	2	1
202	6	1
202	8	1
202	26	1
202	28	1
202	30	1
202	35	1
202	41	1
202	48	1
202	59	1
202	64	1
202	72	1
202	75	1
202	76	1
202	84	1
202	90	1
202	97	1
202	104	1
202	110	1
202	113	1
202	124	1
202	126	1
202	127	1
202	128	1
202	147	1
202	156	1
202	157	1
202	161	1
202	162	1
202	164	1
202	165	1
202	166	1
202	182	1
202	185	1
202	191	1
202	213	1
202	215	1
202	223	1
202	226	1
202	237	1
202	240	1
202	242	1
202	249	1
202	255	1
202	257	1
202	261	1
202	264	1
202	265	1
202	270	1
202	271	1
202	276	1
202	285	1
202	286	1
202	293	1
202	300	1
202	308	1
202	313	1
202	315	1
202	316	1
202	325	1
202	329	1
202	331	1
202	334	1
202	336	1
202	343	1
202	348	1
202	356	1
203	1	1
203	7	1
203	120	1
203	190	1
203	190	1
204	171	1
204	220	1
204	282	1
204	342	1
204	73	1
204	171	1
205	308	1
206	44	1
206	251	1
206	265	1
207	26	1
207	41	1
207	48	1
207	109	1
207	120	1
207	122	1
207	150	1
207	218	1
207	269	1
207	283	1
207	341	1
207	356	1
207	26	1
207	283	1
207	308	1
207	328	1
207	336	1
208	101	1
208	196	1
208	257	1
208	265	1
208	335	1
209	60	1
209	60	1
210	196	1
210	279	1
211	35	1
211	120	1
211	271	1
211	336	1
211	35	1
211	223	1
212	41	1
212	308	1
212	315	1
212	316	1
212	1	1
212	6	1
212	18	1
212	35	1
212	41	1
212	75	1
212	77	1
212	87	1
212	108	1
212	110	1
212	120	1
212	125	1
212	153	1
212	156	1
212	160	1
212	166	1
212	194	1
212	231	1
212	239	1
212	251	1
212	262	1
212	307	1
212	308	1
212	341	1
212	356	1
212	357	1
213	1	1
213	133	1
213	173	1
213	202	1
214	35	1
214	147	1
214	223	1
214	240	1
214	97	1
214	223	1
215	1	1
215	7	1
215	28	1
215	41	1
215	49	1
215	110	1
215	129	1
215	133	1
215	147	1
215	164	1
215	167	1
215	202	1
215	269	1
215	308	1
215	325	1
215	356	1
216	251	1
216	180	1
216	251	1
216	326	1
217	122	1
217	150	1
217	196	1
218	4	1
218	30	1
218	37	1
218	109	1
218	117	1
218	122	1
218	131	1
218	144	1
218	150	1
218	171	1
218	196	1
218	220	1
218	238	1
218	257	1
218	258	1
218	266	1
218	274	1
218	275	1
218	278	1
218	292	1
218	301	1
218	302	1
218	304	1
218	306	1
218	327	1
218	346	1
218	4	1
218	144	1
218	171	1
218	207	1
218	238	1
218	257	1
218	274	1
218	278	1
218	301	1
219	13	1
219	115	1
219	194	1
219	13	1
219	294	1
219	324	1
220	32	1
220	88	1
220	94	1
220	122	1
220	171	1
220	182	1
220	257	1
220	274	1
220	292	1
220	304	1
220	342	1
220	73	1
220	88	1
220	94	1
220	111	1
220	142	1
220	171	1
220	204	1
220	218	1
220	274	1
220	301	1
220	342	1
221	1	1
221	142	1
221	150	1
221	196	1
221	269	1
222	109	1
222	134	1
222	171	1
222	296	1
222	103	1
222	111	1
222	171	1
223	1	1
223	6	1
223	7	1
223	8	1
223	10	1
223	41	1
223	54	1
223	68	1
223	76	1
223	79	1
223	87	1
223	90	1
223	108	1
223	110	1
223	125	1
223	133	1
223	140	1
223	143	1
223	147	1
223	157	1
223	162	1
223	164	1
223	166	1
223	169	1
223	170	1
223	173	1
223	201	1
223	202	1
223	211	1
223	214	1
223	227	1
223	240	1
223	242	1
223	245	1
223	269	1
223	270	1
223	276	1
223	283	1
223	286	1
223	293	1
223	308	1
223	312	1
223	315	1
223	316	1
223	328	1
223	334	1
223	344	1
223	2	1
223	9	1
223	28	1
223	35	1
223	41	1
223	72	1
223	76	1
223	143	1
223	147	1
223	164	1
223	166	1
223	191	1
223	214	1
223	293	1
223	313	1
223	316	1
224	37	1
224	109	1
224	122	1
224	182	1
224	194	1
224	251	1
224	308	1
224	56	1
225	138	1
225	240	1
225	247	1
225	45	1
225	71	1
225	164	1
226	1	1
226	202	1
226	269	1
226	308	1
226	41	1
226	126	1
227	110	1
227	223	1
228	1	1
228	41	1
228	66	1
228	70	1
228	109	1
228	150	1
228	255	1
228	257	1
228	325	1
228	348	1
228	28	1
228	348	1
229	308	1
229	156	1
230	33	1
230	342	1
230	50	1
230	56	1
230	73	1
230	88	1
230	342	1
231	212	1
231	240	1
231	308	1
232	239	1
233	1	1
233	356	1
234	12	1
234	110	1
234	122	1
234	124	1
234	150	1
234	158	1
234	196	1
234	240	1
234	255	1
234	257	1
234	296	1
234	310	1
234	339	1
234	12	1
234	20	1
234	85	1
234	91	1
234	104	1
234	110	1
234	122	1
234	154	1
234	196	1
234	255	1
234	273	1
234	296	1
234	301	1
234	320	1
234	326	1
234	339	1
234	357	1
235	1	1
235	41	1
235	150	1
235	296	1
235	308	1
235	315	1
235	344	1
236	110	1
236	251	1
236	41	1
236	59	1
236	329	1
236	336	1
237	202	1
237	76	1
238	20	1
238	32	1
238	109	1
238	122	1
238	150	1
238	171	1
238	182	1
238	196	1
238	218	1
238	251	1
238	257	1
238	292	1
238	302	1
238	308	1
238	318	1
238	4	1
238	20	1
238	32	1
238	61	1
238	171	1
238	218	1
238	241	1
238	257	1
238	274	1
238	302	1
238	335	1
239	84	1
239	194	1
239	212	1
239	23	1
239	46	1
239	118	1
239	147	1
239	160	1
239	176	1
239	232	1
239	268	1
239	280	1
239	316	1
239	338	1
239	353	1
240	41	1
240	62	1
240	79	1
240	90	1
240	109	1
240	110	1
240	120	1
240	124	1
240	140	1
240	147	1
240	167	1
240	202	1
240	247	1
240	251	1
240	271	1
240	293	1
240	325	1
240	336	1
240	357	1
240	20	1
240	25	1
240	28	1
240	35	1
240	37	1
240	41	1
240	42	1
240	54	1
240	59	1
240	60	1
240	69	1
240	74	1
240	75	1
240	76	1
240	79	1
240	84	1
240	85	1
240	104	1
240	105	1
240	110	1
240	122	1
240	124	1
240	126	1
240	135	1
240	138	1
240	154	1
240	163	1
240	165	1
240	182	1
240	196	1
240	202	1
240	214	1
240	223	1
240	225	1
240	231	1
240	234	1
240	242	1
240	244	1
240	249	1
240	255	1
240	264	1
240	271	1
240	276	1
240	277	1
240	284	1
240	286	1
240	293	1
240	308	1
240	313	1
240	317	1
240	323	1
240	325	1
240	331	1
240	336	1
240	338	1
240	339	1
240	341	1
240	343	1
240	345	1
240	348	1
241	122	1
241	238	1
241	301	1
241	142	1
242	41	1
242	110	1
242	120	1
242	160	1
242	202	1
242	240	1
242	308	1
242	325	1
242	6	1
242	130	1
242	147	1
242	155	1
242	161	1
242	223	1
243	4	1
243	20	1
243	47	1
243	50	1
243	109	1
243	184	1
243	294	1
243	324	1
243	329	1
243	342	1
244	240	1
244	301	1
245	194	1
245	308	1
245	223	1
246	293	1
247	41	1
247	74	1
247	109	1
247	172	1
247	323	1
247	75	1
247	164	1
247	172	1
247	225	1
247	240	1
247	283	1
247	313	1
247	356	1
248	122	1
248	33	1
248	130	1
248	149	1
248	329	1
249	1	1
249	7	1
249	14	1
249	32	1
249	41	1
249	48	1
249	79	1
249	110	1
249	120	1
249	122	1
249	133	1
249	134	1
249	147	1
249	163	1
249	196	1
249	202	1
249	240	1
249	262	1
249	270	1
249	272	1
249	308	1
249	324	1
249	325	1
249	326	1
249	9	1
249	35	1
249	46	1
249	62	1
249	138	1
249	336	1
249	348	1
250	120	1
250	147	1
250	69	1
250	120	1
250	337	1
251	27	1
251	37	1
251	41	1
251	109	1
251	129	1
251	133	1
251	163	1
251	182	1
251	194	1
251	196	1
251	212	1
251	216	1
251	272	1
251	308	1
251	9	1
251	21	1
251	27	1
251	79	1
251	84	1
251	109	1
251	110	1
251	124	1
251	130	1
251	146	1
251	147	1
251	154	1
251	158	1
251	163	1
251	179	1
251	182	1
251	191	1
251	202	1
251	206	1
251	216	1
251	224	1
251	236	1
251	238	1
251	240	1
251	265	1
251	284	1
251	296	1
251	299	1
251	308	1
251	314	1
251	317	1
251	320	1
251	324	1
251	325	1
251	344	1
251	347	1
252	1	1
252	269	1
252	308	1
253	101	1
253	109	1
253	122	1
254	27	1
255	12	1
255	20	1
255	26	1
255	41	1
255	90	1
255	109	1
255	112	1
255	122	1
255	154	1
255	155	1
255	158	1
255	182	1
255	196	1
255	202	1
255	234	1
255	240	1
255	257	1
255	265	1
255	296	1
255	344	1
255	20	1
255	44	1
255	79	1
255	104	1
255	120	1
255	122	1
255	154	1
255	163	1
255	171	1
255	175	1
255	182	1
255	196	1
255	198	1
255	228	1
255	234	1
255	268	1
255	274	1
255	326	1
255	329	1
255	357	1
256	326	1
257	20	1
257	21	1
257	32	1
257	84	1
257	91	1
257	93	1
257	122	1
257	124	1
257	138	1
257	150	1
257	171	1
257	182	1
257	202	1
257	218	1
257	238	1
257	265	1
257	274	1
257	294	1
257	302	1
257	318	1
257	327	1
257	4	1
257	11	1
257	20	1
257	30	1
257	32	1
257	43	1
257	47	1
257	53	1
257	60	1
257	61	1
257	81	1
257	85	1
257	91	1
257	93	1
257	94	1
257	103	1
257	104	1
257	122	1
257	126	1
257	137	1
257	142	1
257	152	1
257	165	1
257	171	1
257	184	1
257	198	1
257	208	1
257	218	1
257	220	1
257	228	1
257	234	1
257	238	1
257	255	1
257	268	1
257	274	1
257	275	1
257	277	1
257	279	1
257	287	1
257	294	1
257	301	1
257	302	1
257	304	1
257	320	1
257	326	1
257	329	1
257	335	1
257	336	1
257	343	1
257	357	1
258	37	1
258	268	1
258	326	1
258	171	1
258	218	1
258	268	1
259	20	1
259	280	1
260	150	1
261	202	1
261	25	1
261	41	1
261	316	1
262	41	1
262	120	1
262	212	1
262	350	1
262	249	1
263	122	1
264	202	1
264	240	1
264	317	1
265	150	1
265	202	1
265	251	1
265	301	1
265	11	1
265	21	1
265	83	1
265	104	1
265	114	1
265	154	1
265	155	1
265	206	1
265	208	1
265	255	1
265	257	1
265	326	1
265	329	1
265	336	1
265	343	1
265	357	1
266	296	1
266	53	1
266	88	1
266	144	1
266	187	1
266	218	1
266	319	1
266	329	1
266	342	1
266	343	1
267	308	1
268	12	1
268	20	1
268	37	1
268	104	1
268	122	1
268	124	1
268	132	1
268	150	1
268	171	1
268	177	1
268	182	1
268	196	1
268	239	1
268	255	1
268	257	1
268	258	1
268	301	1
268	326	1
268	343	1
268	104	1
268	195	1
268	258	1
268	301	1
268	326	1
269	35	1
269	41	1
269	110	1
269	120	1
269	196	1
269	286	1
269	308	1
269	325	1
269	356	1
269	23	1
269	24	1
269	35	1
269	41	1
269	52	1
269	62	1
269	120	1
269	156	1
269	157	1
269	207	1
269	215	1
269	221	1
269	223	1
269	226	1
269	252	1
269	308	1
269	336	1
269	356	1
270	90	1
270	202	1
270	325	1
270	223	1
270	249	1
270	336	1
271	1	1
271	14	1
271	35	1
271	41	1
271	72	1
271	90	1
271	120	1
271	122	1
271	133	1
271	160	1
271	202	1
271	240	1
271	277	1
271	325	1
271	344	1
271	28	1
271	35	1
271	164	1
271	211	1
271	240	1
271	308	1
271	309	1
271	336	1
271	344	1
272	152	1
272	182	1
272	18	1
272	64	1
272	110	1
272	115	1
272	147	1
272	249	1
272	251	1
272	308	1
272	348	1
273	109	1
273	122	1
273	124	1
273	129	1
273	131	1
273	150	1
273	234	1
273	124	1
274	20	1
274	91	1
274	107	1
274	122	1
274	129	1
274	152	1
274	171	1
274	182	1
274	187	1
274	198	1
274	218	1
274	220	1
274	238	1
274	255	1
274	257	1
274	275	1
274	319	1
274	20	1
274	56	1
274	91	1
274	94	1
274	103	1
274	111	1
274	122	1
274	152	1
274	171	1
274	198	1
274	218	1
274	220	1
274	257	1
274	275	1
274	306	1
274	329	1
274	335	1
274	340	1
275	20	1
275	109	1
275	122	1
275	124	1
275	150	1
275	152	1
275	171	1
275	196	1
275	257	1
275	274	1
275	292	1
275	296	1
275	301	1
275	319	1
275	20	1
275	109	1
275	152	1
275	171	1
275	198	1
275	218	1
275	274	1
275	335	1
276	14	1
276	41	1
276	90	1
276	143	1
276	202	1
276	240	1
276	76	1
276	147	1
276	223	1
276	331	1
276	336	1
277	6	1
277	35	1
277	41	1
277	47	1
277	120	1
277	147	1
277	157	1
277	172	1
277	240	1
277	257	1
277	294	1
277	296	1
277	301	1
277	318	1
277	319	1
277	324	1
277	332	1
277	35	1
277	157	1
277	271	1
278	56	1
278	84	1
278	196	1
278	218	1
278	171	1
278	218	1
278	301	1
279	20	1
279	124	1
279	184	1
279	257	1
279	296	1
279	20	1
279	163	1
279	184	1
279	210	1
279	336	1
280	239	1
280	259	1
280	60	1
281	21	1
282	13	1
282	122	1
282	171	1
282	343	1
282	73	1
282	171	1
282	204	1
283	1	1
283	26	1
283	35	1
283	120	1
283	122	1
283	150	1
283	207	1
283	247	1
283	326	1
283	341	1
283	344	1
283	35	1
283	54	1
283	120	1
283	207	1
283	223	1
283	308	1
283	344	1
284	240	1
284	251	1
284	296	1
285	110	1
285	129	1
285	150	1
285	202	1
286	26	1
286	35	1
286	41	1
286	42	1
286	129	1
286	164	1
286	194	1
286	196	1
286	202	1
286	240	1
286	41	1
286	42	1
286	74	1
286	120	1
286	161	1
286	223	1
286	269	1
286	308	1
287	257	1
288	194	1
289	122	1
289	150	1
289	327	1
290	124	1
290	150	1
290	196	1
291	150	1
292	95	1
292	109	1
292	4	1
292	19	1
292	50	1
292	53	1
292	95	1
292	107	1
292	121	1
292	122	1
292	152	1
292	171	1
292	196	1
292	197	1
292	218	1
292	220	1
292	238	1
292	275	1
292	295	1
292	302	1
292	314	1
292	326	1
292	342	1
293	41	1
293	68	1
293	79	1
293	120	1
293	150	1
293	194	1
293	202	1
293	223	1
293	240	1
293	308	1
293	316	1
293	323	1
293	1	1
293	2	1
293	41	1
293	138	1
293	164	1
293	165	1
293	223	1
293	240	1
293	246	1
293	313	1
293	316	1
294	109	1
294	122	1
294	187	1
294	219	1
294	257	1
294	324	1
294	326	1
294	342	1
294	47	1
294	243	1
294	257	1
294	277	1
294	342	1
295	20	1
295	84	1
295	104	1
295	109	1
295	122	1
295	150	1
295	196	1
295	292	1
295	20	1
296	0	1
296	12	1
296	21	1
296	104	1
296	109	1
296	150	1
296	158	1
296	171	1
296	234	1
296	251	1
296	0	1
296	12	1
296	20	1
296	21	1
296	27	1
296	38	1
296	60	1
296	79	1
296	91	1
296	93	1
296	104	1
296	109	1
296	122	1
296	135	1
296	150	1
296	154	1
296	158	1
296	171	1
296	182	1
296	190	1
296	196	1
296	198	1
296	222	1
296	234	1
296	235	1
296	255	1
296	266	1
296	275	1
296	277	1
296	279	1
296	284	1
296	301	1
296	302	1
296	306	1
296	314	1
296	320	1
296	321	1
296	326	1
296	356	1
296	357	1
297	173	1
298	171	1
299	122	1
299	251	1
300	79	1
300	202	1
300	325	1
301	37	1
301	61	1
301	84	1
301	88	1
301	109	1
301	117	1
301	122	1
301	124	1
301	133	1
301	148	1
301	150	1
301	158	1
301	163	1
301	194	1
301	196	1
301	218	1
301	220	1
301	234	1
301	257	1
301	268	1
301	278	1
301	296	1
301	302	1
301	306	1
301	318	1
301	319	1
301	326	1
301	30	1
301	38	1
301	83	1
301	84	1
301	88	1
301	109	1
301	117	1
301	122	1
301	163	1
301	165	1
301	177	1
301	184	1
301	198	1
301	218	1
301	241	1
301	244	1
301	265	1
301	268	1
301	275	1
301	277	1
301	302	1
301	314	1
301	326	1
301	340	1
302	23	1
302	37	1
302	68	1
302	109	1
302	122	1
302	129	1
302	152	1
302	163	1
302	196	1
302	238	1
302	257	1
302	292	1
302	296	1
302	301	1
302	308	1
302	343	1
302	32	1
302	37	1
302	39	1
302	56	1
302	84	1
302	96	1
302	103	1
302	104	1
302	109	1
302	117	1
302	122	1
302	129	1
302	130	1
302	131	1
302	134	1
302	152	1
302	195	1
302	196	1
302	218	1
302	238	1
302	257	1
302	301	1
302	306	1
302	326	1
302	327	1
302	343	1
303	20	1
303	109	1
303	20	1
304	20	1
304	104	1
304	150	1
304	171	1
304	182	1
304	196	1
304	257	1
304	319	1
304	335	1
304	343	1
304	20	1
304	104	1
304	171	1
304	198	1
304	218	1
304	220	1
304	343	1
305	325	1
306	44	1
306	56	1
306	107	1
306	109	1
306	122	1
306	124	1
306	150	1
306	152	1
306	154	1
306	158	1
306	196	1
306	274	1
306	296	1
306	302	1
306	314	1
306	218	1
306	301	1
307	1	1
307	41	1
307	212	1
307	325	1
308	1	1
308	6	1
308	26	1
308	35	1
308	37	1
308	41	1
308	42	1
308	48	1
308	62	1
308	68	1
308	70	1
308	79	1
308	90	1
308	110	1
308	120	1
308	122	1
308	124	1
308	129	1
308	150	1
308	160	1
308	182	1
308	190	1
308	194	1
308	196	1
308	202	1
308	207	1
308	212	1
308	240	1
308	251	1
308	269	1
308	271	1
308	272	1
308	283	1
308	286	1
308	316	1
308	325	1
308	336	1
308	343	1
308	1	1
308	8	1
308	25	1
308	26	1
308	28	1
308	32	1
308	33	1
308	35	1
308	36	1
308	41	1
308	46	1
308	48	1
308	52	1
308	54	1
308	56	1
308	62	1
308	69	1
308	70	1
308	71	1
308	72	1
308	77	1
308	102	1
308	108	1
308	109	1
308	110	1
308	113	1
308	120	1
308	122	1
308	125	1
308	129	1
308	130	1
308	147	1
308	153	1
308	160	1
308	169	1
308	170	1
308	182	1
308	187	1
308	192	1
308	194	1
308	205	1
308	212	1
308	215	1
308	223	1
308	224	1
308	226	1
308	229	1
308	231	1
308	235	1
308	238	1
308	242	1
308	245	1
308	249	1
308	251	1
308	252	1
308	267	1
308	269	1
308	293	1
308	302	1
308	316	1
308	318	1
308	320	1
308	325	1
308	336	1
308	343	1
308	344	1
308	348	1
308	356	1
309	14	1
309	35	1
309	41	1
309	182	1
309	271	1
309	325	1
309	35	1
310	107	1
310	42	1
310	107	1
310	200	1
310	234	1
311	41	1
311	110	1
311	120	1
311	5	1
311	18	1
311	41	1
311	110	1
311	331	1
311	336	1
312	7	1
312	14	1
312	223	1
313	42	1
313	75	1
313	107	1
313	167	1
313	202	1
313	223	1
313	240	1
313	247	1
313	293	1
313	316	1
313	325	1
313	336	1
313	68	1
313	72	1
313	135	1
313	165	1
313	336	1
314	82	1
314	103	1
314	109	1
314	115	1
314	129	1
314	131	1
314	171	1
314	182	1
314	251	1
314	292	1
314	296	1
314	301	1
314	91	1
314	107	1
314	109	1
314	124	1
314	145	1
314	306	1
314	319	1
314	326	1
314	329	1
315	41	1
315	202	1
315	316	1
315	1	1
315	24	1
315	25	1
315	41	1
315	176	1
315	212	1
315	223	1
315	235	1
315	320	1
315	356	1
316	1	1
316	8	1
316	23	1
316	41	1
316	62	1
316	68	1
316	110	1
316	202	1
316	223	1
316	239	1
316	261	1
316	293	1
316	308	1
316	317	1
316	325	1
316	336	1
316	1	1
316	2	1
316	21	1
316	23	1
316	35	1
316	41	1
316	52	1
316	68	1
316	147	1
316	166	1
316	202	1
316	212	1
316	223	1
316	293	1
316	308	1
316	313	1
316	315	1
316	325	1
316	336	1
317	240	1
317	251	1
317	264	1
317	18	1
317	35	1
317	74	1
317	78	1
317	90	1
317	112	1
317	316	1
317	325	1
317	326	1
317	353	1
318	120	1
318	129	1
318	160	1
318	200	1
318	308	1
318	319	1
318	340	1
318	343	1
318	238	1
318	257	1
318	277	1
318	301	1
318	335	1
318	340	1
319	7	1
319	14	1
319	20	1
319	47	1
319	56	1
319	101	1
319	104	1
319	109	1
319	141	1
319	144	1
319	171	1
319	182	1
319	187	1
319	196	1
319	200	1
319	266	1
319	314	1
319	327	1
319	329	1
319	332	1
319	346	1
319	20	1
319	50	1
319	56	1
319	104	1
319	107	1
319	109	1
319	130	1
319	141	1
319	158	1
319	163	1
319	171	1
319	187	1
319	274	1
319	275	1
319	277	1
319	301	1
319	304	1
319	318	1
319	326	1
319	329	1
319	335	1
319	343	1
320	12	1
320	21	1
320	27	1
320	37	1
320	41	1
320	82	1
320	84	1
320	122	1
320	131	1
320	150	1
320	234	1
320	251	1
320	257	1
320	296	1
320	308	1
320	315	1
321	21	1
321	37	1
321	109	1
321	194	1
321	296	1
321	40	1
322	1	1
323	41	1
323	79	1
323	110	1
323	173	1
323	194	1
323	240	1
323	325	1
323	74	1
323	247	1
323	293	1
324	56	1
324	109	1
324	122	1
324	219	1
324	251	1
324	326	1
324	4	1
324	11	1
324	56	1
324	104	1
324	122	1
324	171	1
324	187	1
324	243	1
324	249	1
324	277	1
324	294	1
324	326	1
324	357	1
325	6	1
325	79	1
325	133	1
325	202	1
325	240	1
325	251	1
325	308	1
325	316	1
325	317	1
325	331	1
325	336	1
325	356	1
325	6	1
325	25	1
325	28	1
325	35	1
325	41	1
325	45	1
325	48	1
325	49	1
325	75	1
325	77	1
325	79	1
325	97	1
325	105	1
325	110	1
325	125	1
325	126	1
325	147	1
325	153	1
325	157	1
325	165	1
325	169	1
325	170	1
325	182	1
325	190	1
325	191	1
325	192	1
325	215	1
325	228	1
325	240	1
325	242	1
325	249	1
325	269	1
325	270	1
325	271	1
325	300	1
325	305	1
325	307	1
325	308	1
325	309	1
325	313	1
325	316	1
325	323	1
325	326	1
325	331	1
325	336	1
325	337	1
325	338	1
325	341	1
325	356	1
326	1	1
326	12	1
326	20	1
326	21	1
326	37	1
326	68	1
326	84	1
326	95	1
326	109	1
326	110	1
326	120	1
326	122	1
326	124	1
326	131	1
326	133	1
326	150	1
326	152	1
326	154	1
326	163	1
326	171	1
326	196	1
326	216	1
326	234	1
326	255	1
326	257	1
326	265	1
326	268	1
326	292	1
326	296	1
326	301	1
326	302	1
326	314	1
326	317	1
326	319	1
326	324	1
326	325	1
326	327	1
326	336	1
326	345	1
326	346	1
326	357	1
326	3	1
326	16	1
326	38	1
326	43	1
326	91	1
326	92	1
326	95	1
326	104	1
326	107	1
326	122	1
326	124	1
326	142	1
326	144	1
326	145	1
326	150	1
326	171	1
326	182	1
326	186	1
326	187	1
326	249	1
326	256	1
326	258	1
326	268	1
326	283	1
326	294	1
326	301	1
326	324	1
326	335	1
326	336	1
326	338	1
326	340	1
326	357	1
327	109	1
327	122	1
327	131	1
327	150	1
327	196	1
327	302	1
327	16	1
327	20	1
327	55	1
327	56	1
327	103	1
327	104	1
327	106	1
327	107	1
327	109	1
327	122	1
327	132	1
327	150	1
327	152	1
327	154	1
327	163	1
327	171	1
327	188	1
327	218	1
327	257	1
327	289	1
327	319	1
327	326	1
327	335	1
327	346	1
327	347	1
328	42	1
328	207	1
328	223	1
329	14	1
329	20	1
329	41	1
329	56	1
329	101	1
329	107	1
329	109	1
329	110	1
329	129	1
329	131	1
329	133	1
329	160	1
329	172	1
329	174	1
329	182	1
329	202	1
329	236	1
329	248	1
329	255	1
329	257	1
329	265	1
329	266	1
329	274	1
329	314	1
329	319	1
329	335	1
329	345	1
329	346	1
329	20	1
329	109	1
329	243	1
329	319	1
330	122	1
331	1	1
331	41	1
331	110	1
331	133	1
331	202	1
331	240	1
331	276	1
331	311	1
331	325	1
331	28	1
331	62	1
331	97	1
331	110	1
331	147	1
331	162	1
331	170	1
331	325	1
331	336	1
332	16	1
332	93	1
332	50	1
332	93	1
332	277	1
332	319	1
333	122	1
333	142	1
333	122	1
334	41	1
334	90	1
334	122	1
334	150	1
334	202	1
334	120	1
334	223	1
334	336	1
335	20	1
335	21	1
335	37	1
335	41	1
335	48	1
335	56	1
335	94	1
335	104	1
335	107	1
335	109	1
335	120	1
335	122	1
335	124	1
335	129	1
335	130	1
335	150	1
335	152	1
335	158	1
335	171	1
335	182	1
335	187	1
335	196	1
335	208	1
335	238	1
335	257	1
335	274	1
335	275	1
335	318	1
335	319	1
335	326	1
335	327	1
335	336	1
335	345	1
335	347	1
335	357	1
335	20	1
335	56	1
335	122	1
335	124	1
335	130	1
335	171	1
335	187	1
335	304	1
335	329	1
336	1	1
336	26	1
336	28	1
336	41	1
336	42	1
336	62	1
336	68	1
336	79	1
336	90	1
336	109	1
336	110	1
336	120	1
336	122	1
336	133	1
336	138	1
336	147	1
336	150	1
336	170	1
336	172	1
336	182	1
336	196	1
336	202	1
336	207	1
336	236	1
336	240	1
336	249	1
336	257	1
336	265	1
336	269	1
336	270	1
336	271	1
336	276	1
336	279	1
336	308	1
336	311	1
336	313	1
336	316	1
336	325	1
336	326	1
336	331	1
336	334	1
336	341	1
336	356	1
336	21	1
336	31	1
336	45	1
336	56	1
336	60	1
336	67	1
336	75	1
336	76	1
336	147	1
336	156	1
336	182	1
336	211	1
336	240	1
336	308	1
336	313	1
336	316	1
336	325	1
336	326	1
336	335	1
336	356	1
336	357	1
337	250	1
337	325	1
338	109	1
338	120	1
338	150	1
338	239	1
338	240	1
338	325	1
338	326	1
339	122	1
339	196	1
339	234	1
339	240	1
339	234	1
340	1	1
340	20	1
340	40	1
340	56	1
340	104	1
340	109	1
340	122	1
340	150	1
340	158	1
340	196	1
340	274	1
340	301	1
340	318	1
340	326	1
340	20	1
340	122	1
340	152	1
340	318	1
341	41	1
341	110	1
341	120	1
341	133	1
341	212	1
341	240	1
341	325	1
341	26	1
341	76	1
341	139	1
341	164	1
341	207	1
341	283	1
341	336	1
342	56	1
342	104	1
342	115	1
342	122	1
342	171	1
342	180	1
342	220	1
342	230	1
342	266	1
342	292	1
342	294	1
342	15	1
342	56	1
342	73	1
342	88	1
342	103	1
342	104	1
342	111	1
342	146	1
342	171	1
342	180	1
342	204	1
342	220	1
342	230	1
342	243	1
342	294	1
343	20	1
343	53	1
343	104	1
343	109	1
343	130	1
343	182	1
343	196	1
343	202	1
343	240	1
343	257	1
343	265	1
343	266	1
343	302	1
343	304	1
343	308	1
343	319	1
343	20	1
343	34	1
343	53	1
343	81	1
343	103	1
343	104	1
343	130	1
343	268	1
343	282	1
343	302	1
343	304	1
343	308	1
343	318	1
344	1	1
344	41	1
344	48	1
344	79	1
344	109	1
344	110	1
344	150	1
344	160	1
344	172	1
344	196	1
344	251	1
344	271	1
344	283	1
344	308	1
344	41	1
344	54	1
344	59	1
344	165	1
344	223	1
344	235	1
344	255	1
344	271	1
344	283	1
345	240	1
345	20	1
345	326	1
345	329	1
345	335	1
346	115	1
346	327	1
346	11	1
346	56	1
346	115	1
346	131	1
346	146	1
346	197	1
346	218	1
346	319	1
346	326	1
346	329	1
347	26	1
347	109	1
347	133	1
347	146	1
347	182	1
347	201	1
347	251	1
347	327	1
347	20	1
347	84	1
347	146	1
347	154	1
347	182	1
347	201	1
347	335	1
348	1	1
348	35	1
348	109	1
348	127	1
348	129	1
348	147	1
348	150	1
348	171	1
348	196	1
348	202	1
348	228	1
348	240	1
348	249	1
348	272	1
348	308	1
348	127	1
348	228	1
349	37	1
349	109	1
349	155	1
350	7	1
350	192	1
350	262	1
351	150	1
352	124	1
352	150	1
353	239	1
353	317	1
354	47	1
354	47	1
355	129	1
356	1	1
356	35	1
356	41	1
356	57	1
356	79	1
356	87	1
356	120	1
356	133	1
356	138	1
356	147	1
356	164	1
356	202	1
356	212	1
356	247	1
356	269	1
356	296	1
356	308	1
356	315	1
356	325	1
356	336	1
356	75	1
356	87	1
356	207	1
356	215	1
356	233	1
356	269	1
356	325	1
356	336	1
357	12	1
357	21	1
357	37	1
357	56	1
357	84	1
357	109	1
357	122	1
357	124	1
357	150	1
357	155	1
357	194	1
357	196	1
357	212	1
357	234	1
357	255	1
357	257	1
357	265	1
357	296	1
357	324	1
357	326	1
357	336	1
357	21	1
357	37	1
357	56	1
357	60	1
357	104	1
357	106	1
357	122	1
357	124	1
357	144	1
357	148	1
357	150	1
357	155	1
357	163	1
357	240	1
357	326	1
357	335	1
